
0.1005955694  
0.0094683635  0.1841675380  
0.5970396196  0.0566332936  2.7874072547  
0.1329824574  3.8801512769  0.1462521181  0.1142411489  
0.0558781514  5.4967668222  0.0442845413  0.0468916801  0.0477128921  
0.7557987380  0.2132622038  0.0576690996  4.4458771144  0.0245656828  1.3499984632  
1.8387403409  2.9721241390  0.2797968223  1.9691056604  2.1629964246  0.0730933108  1.7694154194  
0.0742351217  8.1771655223  3.6011726820  1.0925821436  2.7369863586  6.6138849465  0.0770023446  0.1753253566  
0.0365588572  0.2007408406  0.3535892801  0.0239874862  0.0785869176  0.0000000000  0.0004633640  0.0331697054  0.0412973779  
0.1510563586  0.7217997647  0.0140432504  0.0318419550  0.2554623742  0.6336843885  0.0465347614  0.0627795674  0.8929993121  2.2754805768  
0.1022050474  8.0278781999  1.4372201898  0.0242484121  0.0000000000  1.3212396536  1.5071131189  0.0922459031  0.0731451039  0.1168588838  0.0320439794  
0.3586000855  0.7122260968  0.0818098950  0.0078560434  0.1346191879  0.0364284442  0.0571820751  0.0179308122  0.0430387657  5.3399063035  3.9459039458  0.5152745514  
0.1108117663  0.0251151504  0.0115809329  0.0226797077  3.7091703664  0.0358313977  0.0411255591  0.0662482377  0.2775482889  1.4941284866  6.6622119270  0.0268653922  0.0334653402  
1.8247466929  0.6469836049  0.0330838704  0.0538300592  0.1070685358  1.4079177134  0.0856890549  0.0335345755  1.9154435154  0.0126842613  2.0700331280  0.0570521310  0.0256525240  0.1308842765  
1.8250802058  1.1594640253  3.9526229043  0.0869127618  2.8439258563  0.0802209123  0.0247062806  2.4888096916  0.1793921770  0.2582589240  0.7116006286  0.0635244281  0.0299300657  1.1925672912  2.4383560044  
7.2539486252  0.6635028750  1.2280240287  0.0415160071  0.1265654527  0.0523153156  0.0787007325  0.0969446969  0.1302468202  3.0236974544  0.0728796862  0.6488622141  3.7672409472  0.0578257888  1.4970880076  1.9701300034  
0.0000000007  9.5477677366  0.0465458310  0.0000000000  10.3924329485  1.7839000826  0.2413932477  1.2431619012  0.0116847395  0.0000000000  2.6918611018  0.0000008759  0.3727462995  0.5882561127  0.1123444638  0.5606440492  0.0459633115  
0.0464294512  0.2256278110  0.5406325928  0.4188100338  11.0731597026  0.0058774826  0.0285756641  0.1036525024  13.5766801393  0.0557326126  0.0945744418  0.0235605356  0.1213438332  8.6468530377  0.0459005261  0.5969721618  0.3935919866  0.7349460629  
4.8653982691  0.0908506582  0.0224060430  0.1897920881  0.1107011954  0.0507913113  0.3186110678  1.2611650107  0.0146737278  11.5431812789  2.4484955785  0.0452272030  7.2663366564  1.0862666918  0.0523791637  0.0566452238  0.2230457921  0.1773315400  0.0610938600  

0.0675156176  0.0369853097  0.0558795146  0.0625659163  0.0138874037  0.0555975145  0.0756759197  0.0526877137  0.0214687056  0.0504261132  0.0697328182  0.0682760178  0.0235912062  0.0200909053  0.0610798159  0.1088580284  0.0708229185  0.0043084412  0.0195351051  0.0610150148  