Branch	Sociality	Diurnality	Reproductive Seasonality	Arboreality	Monogamous	Male Larger	Carnivory	Herbivory	Omnivory	Insectivory
B1	0	0	0.5	0	0	1	0	0	1	0.5
B2	0	0	0	0	0	1	1	0	0	0.5
B3	0.782595548	0.062211339	0.004134869	0.070693082	0.013000188	0.582674365	0.133501867	0.158320636	0.116296208	0.018227938
B4	0	0	0	0	0	1	1	0	0	1
B5	1	0.5	1	0	0	1	0	1	0	0
B6	0	0	0	0	0	1	1	0	0	1
B7	1	0	0	0	1	0	1	0	0	1
B8	1	0	0	0	1	0	1	0	0	1
B9	0	0	1	0	0	0	1	0	0	1
B10	0.707380877	0.206276033	0.003320748	0.437298834	0.019268034	0.640250918	0.283480421	0.197265278	0.461525304	0.969057978
B11	0.886183659	0.194243108	0.041896471	0.089807528	0.11582029	0.09877203	0.097323786	0.631425267	0.07357483	0.10302224
B12	0.828769585	0.140568697	0.926460469	0.110853484	0.058786378	0.435600057	0.143688445	0.660762776	0.013519511	0.923110247
B13	0.830210484	0.203353975	0.061182215	0.050689096	0.060356854	0.472342267	0.284469872	0.222121753	0.35956162	0.591594194
B14	0.787202746	0.165592919	0.952097948	0.274088329	0.015105185	0.335986883	0.824427784	0.319854498	0.446822931	0.858921594
B15	0	1	1	1	1	1	0	0	1	0.5
B16	0	0	1	1	0	0	0	1	0	0
B17	0	0	0	1	0	1	0	0	1	1
B18	1	1	0	1	0	0	0	1	0	0
B19	1	0	0	0	0	0	1	0	0	1
B20	0.730376288	0.308774416	0.1863261	0.229688408	0.068323904	0.691275329	0.167227261	0.516817714	0.043266716	0.029421969
B21	0.603068674	0.108056549	0.003559665	0.100237944	0.099176488	0.633142686	0.35830122	0.298695022	0.26793671	0.17385813
B22	1	0	1	1	1	0	1	0	0	1
B23	1	1	0	1	0	1	0	0	1	0.5
B24	1	1	1	1	1	1	0	1	0	0.5
B25	1	0	1	1	1	0	0	1	0	0.5
B26	0.257259186	0.082551186	0.999968916	0.915178506	0.014915918	0.687172578	0.229936654	0.367289919	0.009481472	0.023690738
B27	0.21940671	0.503827868	0.281620884	0.192553059	0.619011666	0.72065512	0.223983118	0.381995468	0.070462108	0.079889508
B28	1	1	0	1	0	1	0	1	0	0
B29	1	1	1	1	0	1	0	0	1	0.5
B30	1	1	0	1	0	1	0	0	1	0.5
B31	1	1	1	1	0	1	0	0	1	0.5
B32	0.000380928	0.991367213	8.97E-05	0.442578111	0.002846557	0.602046515	0.169909956	0.208280857	0.042721312	0.003125922
B33	0.919162071	0.392184274	0.788953482	0.814179037	0.035998127	0.638598766	0.172856922	0.541063328	0.03208904	0.009014583
B34	1	1	1	0	0	1	0	0	1	0.5
B35	1	1	0	1	0	1	0	0	1	0.5
B36	1	1	0	1	0	1	0	1	0	0.5
B37	0.946220463	0.187065797	0.003883905	0.033749349	0.99865706	0.880682628	0.555862148	0.999386721	0.030337137	6.69E-05
B38	1.33E-06	0.999888099	0.133621907	0.04021825	0.001083892	0.927993889	0.062078425	0.516818446	0.031908517	0.000591272
B39	0.910456911	0.110779655	0.982261795	0.041730646	0.019083071	0.720690669	0.05567993	0.65883613	0.032461775	0.001833396
B40	0.079622406	0.181151185	0.999996255	0.543975109	0.091215049	0.382502292	0.091000084	0.616098329	0.323381903	0.35051883
B41	1	1	0	1	0	1	0	1	0	0
B42	1	1	1	1	0	1	0	1	0	0.5
B43	0.961899694	0.952119622	0.013762431	0.023195725	0.013679403	0.813781893	0.098655744	0.682074733	0.038890902	0.018648203
B44	0.638568862	0.220521935	0.900387434	0.111214812	0.058705217	0.594805772	0.079164896	0.789259313	0.131693973	0.007600573
B45	1	1	1	1	1	0	0	1	0	0.5
B46	0	1	0	1	0	1	0	1	0	0.5
B47	1	1	1	0	0	1	0	1	0	0
B48	1	1	1	0	0.5	1	0	0	1	0
B49	1	1	1	0	0	1	0	0	1	0
B50	1	1	1	0	0	1	0	1	0	0
B51	0.91874853	0.880871699	2.42E-07	0.009101378	0.04085056	0.646480773	0.069252543	0.964821741	0.002457906	0.003284919
B52	0.574578708	0.044457282	0.568779237	0.550769771	0.057487536	0.678338004	0.1049414	0.855446161	0.031580055	0.000497288
B53	0.815939748	0.135713929	0.00295865	0.008277396	0.024848355	0.67407982	0.242878769	0.30459015	0.005899433	0.010652263
B54	0.935239234	0.991789876	0.00043887	0.033750853	0.646347198	0.577326839	0.461257498	0.250938111	0.037242765	0.014330481
B55	0.92784909	0.288485266	0.889998143	0.058356293	0.032467611	0.387590828	0.133360674	0.196214825	0.065689941	0.011128392
B56	0.908505803	0.156386644	0.869734732	0.06806405	0.141576153	0.804904942	0.093222935	0.950914138	0.046687561	0.015312668
B57	0.805747901	0.154471573	0.36601631	0.252503879	0.515086774	0.566870445	0.294986049	0.272181533	0.084563418	0.058860441
B58	0.2609359	0.423224222	0.143714905	0.045888574	0.03273428	0.635722845	0.216541272	0.801973449	0.021607512	0.038512717
B59	0.922386441	0.286514631	0.350829756	0.028621042	0.098091047	0.714275604	0.302925122	0.634295266	0.055930929	0.616436163
B60	0.849083259	0.699177517	0.003607261	0.456085414	0.002420599	0.131114814	0.10983233	0.307111132	0.01246526	0.963383298
B61	0.974664621	0.998499796	0.999969396	0.007804991	0.004481193	0.712861937	0.520455954	0.000231319	0.994681855	0.344302277
B62	0	1	0	0	1	0	0	1	0	0
B63	1	0	1	0	0	0	0	1	0	0
B64	0.510788641	0.13863417	0.001109094	0.083000866	0.240110383	0.630691383	0.409329022	0.304328489	0.045265613	0.11498746
B65	1	1	0	0	0	1	0	1	0	0
B66	1	1	0	0	0	0	0	0	1	0.5
B67	0.916345956	0.119462571	0.305183679	0.104066338	0.214186255	0.431695357	0.221569602	0.252824938	0.185669227	0.110910037
B68	1	0.5	1	0	0.5	0	0	1	0	0
B69	1	1	0	0	0	1	0	1	0	0
B70	1	0	0	0	0	0	0	1	0	0
B71	0.964293604	0.193874275	0.999170508	0.068277422	0.33902656	0.751561374	0.229626115	0.442109033	0.046825695	0.016188033
B72	0.917103256	0.009834908	0.000367631	0.106654709	0.220043112	0.584883426	0.338020267	0.623486453	0.033702515	0.002064311
B73	1	0.5	1	0	0	0	0	1	0	0
B74	1	0.5	1	0	1	1	0	1	0	0
B75	0.891694516	0.307307383	0.215516372	0.081069025	0.104746986	0.477614587	0.234476527	0.691688609	0.024630585	0.058534674
B76	0.872901954	0.206203938	0.984905235	0.185711974	0.174551283	0.462291187	0.13374593	0.536602166	0.081679019	0.04731394
B77	0	0	0	0	0	0	0	1	0	0.5
B78	0	0	0	0	0	0	0	1	0	0.5
B79	0	0.5	0	0	1	1	0	1	0	0
B80	0	0	0	0	0	0	0	0	1	1
B81	0	0	1	0	0	0	0	0	1	1
B82	0.509249256	0.140056893	0.785473534	0.09804795	0.118827569	0.37681239	0.11098304	0.246257128	0.261112033	0.024963106
B83	0	0	1	1	0	0	0	0	1	0.5
B84	1	0.5	1	0	0	0	0	1	0	0
B85	0.091929765	0.186616513	0.020491334	0.107637419	0.003668141	0.229017086	0.415528576	0.185221364	0.153168518	0.795754714
B86	0.82069146	0.176396338	0.010299491	0.142005208	0.300947755	0.254044408	0.24452912	0.488756616	0.057083236	0.044132719
B87	1	0	1	0	0	1	0	0	1	0
B88	1	0	1	0	0	0	0	0	1	0.5
B89	0.453577831	0.362394712	0.577448019	0.157177517	0.101393439	0.320393537	0.129148092	0.246660415	0.18989748	0.25887961
B90	0.404411581	0.143605916	0.038434216	0.123620274	0.053746123	0.376840814	0.104821133	0.369155366	0.142455861	0.192579619
B91	0.77277993	0.116818834	0.235198351	0.642948391	0.028219602	0.341096443	0.196369232	0.643883014	0.231378124	0.972544242
B92	0.266522895	0.280968352	0.974038091	0.211874044	0.220275969	0.420327059	0.185966603	0.317062123	0.159897779	0.263756129
B93	0.869927524	0.168720787	0.801688655	0.419572093	0.481272187	0.314179661	0.244139772	0.53296571	0.092515025	0.973450839
B94	0.666265412	0.116057248	0.869407303	0.090593079	0.045477012	0.527809882	0.145145234	0.983893665	0.600025939	0.713318515
B95	0.919094347	0.096911931	0.033083959	0.09389304	0.025802498	0.685208315	0.201863236	0.626549399	0.106696686	0.072210613
B96	0.735696359	0.101915176	0.009745049	0.149420821	0.069442136	0.528531283	0.376459155	0.69789181	0.08127149	0.007879513
B97	0.882951701	0.121291288	0.117552485	0.045359361	0.053535182	0.502333905	0.346979661	0.552471645	0.064276221	0.530079577
B98	1	0.5	0	0	1	0	1	0	0	1
B99	0	0	0	0	0	0	1	0	0	1
B100	0	0	0	0	0	1	0	0	1	1
B101	0.696180484	0.181704189	0.018328019	0.33807788	0.036614117	0.156383058	0.835407296	0.410795006	0.105747419	0.633039503
B102	0.885245541	0.216353713	0.361026077	0.112001262	0.061729193	0.380377193	0.639229308	0.247530303	0.13848607	0.991086464
B103	1	0	0	1	0	1	0	1	0	0
B104	1	0	0	1	0	1	0	1	0	0
B105	1	0	0	1	0.5	0	0	1	0	0
B106	0.904609836	0.081906502	0.94022931	0.451954439	0.051306618	0.492141468	0.317680064	0.945157927	0.081536764	0.002070191
B107	0.899451104	0.556593318	0.001129547	0.165940658	0.108592222	0.551357345	0.607441912	0.164880662	0.124846448	0.646971667
B108	1	0	0	1	0	0	1	0	0	1
B109	1	0	0	1	0	0	1	0	0	1
B110	1	0	0	1	0	0	1	0	0	1
B111	1	0	0	1	0	0	1	0	0	1
B112	1	0	0	1	0	0	1	0	0	1
B113	0.880329072	0.810514544	3.94E-11	0.877782457	0.163580587	0.433003892	0.287915286	0.096574999	0.180019734	0.99789269
B114	0.581437834	0.140181258	6.45E-12	0.793076357	0.07769491	0.064564804	0.494717938	0.301170263	0.250078488	0.989632521
B115	0.881876057	0.093296755	1.54E-05	0.768084915	0.208886994	0.222385173	0.296128569	0.224464683	0.183231738	0.505878745
B116	0.78864192	0.270106844	6.89E-05	0.374503067	0.316992073	0.228773666	0.465086041	0.504942046	0.049882539	0.422353638
B117	0.577813774	0.085424071	3.43E-05	0.891141267	0.051900319	0.552209677	0.236666998	0.301207718	0.122852897	0.598052841
B118	1	1	0.5	0	0	0	0	1	0	0
B119	1	1	0	0	0	0	0	1	0	0
B120	1	1	0	0	0	0	0	1	0	0
B121	0.704877908	0.512226297	1.24E-07	0.020728053	0.141034963	0.354233606	0.078566232	0.410972179	0.017891233	0.003706612
B122	0.767237306	0.180204306	0.432110994	0.082861808	0.078380575	0.601780282	0.273973664	0.401566628	0.055238536	0.088319162
B123	0	0.5	1	0	0	1	1	0	0	0
B124	0	0	1	0	0	1	1	0	0	0
B125	0	1	1	0	0	1	1	0	0	0
B126	0.473019935	0.134172327	0.001530492	0.044723238	0.008445825	0.759739395	0.065866477	0.763432092	0.001023593	0.071295667
B127	0.883667789	0.120208124	0.010825804	0.074012906	0.059517393	0.61155593	0.231850236	0.51003306	0.021141402	0.081319543
B128	1	1	1	0	1	1	0	0	1	0
B129	0	1	0	0	0	1	1	0	0	0
B130	0	0	0	0	0	1	0	1	0	0
B131	0.742065824	0.122164212	0.860204111	0.09246797	0.037960172	0.753951409	0.45487137	0.283370476	0.050401943	0.057671218
B132	1	0	0	0	0	1	1	0	0	0
B133	1	1	0	0	0	1	1	0	0	0
B134	0	0	0	0	0	0	1	0	0	0
B135	0.716593208	0.346853021	0.997230826	0.072490711	0.173610487	0.609660356	0.435023747	0.644579938	0.049570174	0.012174931
B136	0.886860853	0.037215041	0.447180142	0.086462392	0.006707263	0.346773419	0.534208745	0.713148809	0.014744126	0.040670957
B137	0.949529815	0.251777139	0.040856343	0.076173853	0.005607161	0.689789241	0.298796575	0.575500345	0.114501698	0.037019824
B138	0.897156041	0.104089467	0.972765623	0.047223509	0.163883479	0.739053854	0.232000429	0.367686903	0.014861319	0.022771363
B139	0.895130461	0.13874499	0.025456562	0.133955803	0.048604017	0.40211527	0.267092088	0.371892506	0.067857683	0.054761245
B140	0.267421444	0.909908626	0.483358759	0.030030816	0.513386131	0.337062188	0.949755952	0.056030184	0.386996389	0.999963852
B141	1	1	1	0	0	0	0	1	0	0
B142	1	1	0	0	0	1	0	1	0	0
B143	1	1	0	0	0	1	0	1	0	0
B144	1	1	0	0	0	1	0	1	0	0
B145	0.915660938	0.752140125	0.129432793	0.053643683	0.223085918	0.839234181	0.061125522	0.610911078	0.002216144	0.001140312
B146	0.162008959	0.203116015	0.008534155	0.12208669	0.033358463	0.632885929	0.153060647	0.496025303	0.060181284	0.011179673
B147	0.575072065	0.225440595	0.223672677	0.147798999	0.220214478	0.654118035	0.251275391	0.564099308	0.051096377	0.171943082
B148	1	0	1	0	0	1	0	0	1	0
B149	1	0.5	0.5	0	1	0	1	0	0	0
B150	1	0.5	0	0	0	1	1	0	0	0
B151	1	1	1	0	0	1	1	0	0	0
B152	1	1	0	0	0	0	1	0	0	0
B153	0.561365768	0.323664663	3.96E-05	0.041628259	0.213347173	0.387915666	0.991387238	0.351130437	0.046517684	0.960760855
B154	0.88758101	0.78250255	0.071405313	0.002698841	0.997152324	0.861687601	0.927280854	0.356775338	0.00238739	0.009981794
B155	0.837086954	0.012422062	0.047066459	0.080442933	0.08967245	0.511023379	0.924825789	0.480517971	0.056498929	0.143662891
B156	1	1	0	0	0	1	0	1	0	0
B157	1	1	0	0	0	1	0	1	0	0
B158	1	1	0	0	0	1	0	1	0	0
B159	0.742341396	0.949682905	1.71E-07	0.041598697	0.136350656	0.563604529	0.411572279	0.511554132	0.028422145	0.018314345
B160	0.420171501	0.710145961	0.619530433	0.269623237	0.008654996	0.746075786	0.433010203	0.849387568	0.008500948	0.00527601
B161	1	1	0.5	0	0	1	0	1	0	0
B162	1	1	1	0	0	1	0	1	0	0
B163	1	1	0	0	0	1	0	1	0	0
B164	1	1	0	0	0	1	0	1	0	0
B165	0.965286715	0.141367907	0.06230163	0.03496881	0.007812386	0.976190644	0.11728756	0.354295333	0.011084666	0.00360025
B166	0.734437576	0.491560846	0.189161485	0.042570656	0.070385794	0.633229483	0.142767663	0.490906606	0.04567312	0.030067256
B167	0.922613974	0.506371183	0.000747123	0.1419713	0.055065169	0.204785073	0.312047531	0.582927612	0.041860318	0.213252682
B168	0.868152489	0.178239064	0.062242772	0.223570229	0.197941639	0.560397705	0.173230577	0.55879812	0.078606472	0.129573768
B169	0.810054055	0.260940219	0.000177628	0.106742967	0.11968998	0.654750487	0.326785227	0.293608421	0.079736649	0.04639274
B170	0.490557068	0.087610324	4.65E-07	0.183956268	0.040518278	0.386414051	0.488066143	0.693030978	0.063345668	0.830916241
B171	0.744638202	0.212605097	0.8010748	0.129430549	0.20237311	0.717470945	0.285145562	0.310102629	0.061907811	0.113227565
B172	0.946554906	0.992602371	0.199236419	0.0184072	0.094035739	0.021551463	0.973729769	0.07586462	0.419205032	0.998599513
B173	0.84102834	0.146088378	0.975720189	0.051744147	0.016008948	0.635354878	0.139185045	0.124769353	0.025392705	0.504796404
B174	0.427192591	0.034512445	0.04558908	0.130419607	0.098305597	0.5882196	0.530515968	0.292625635	0.260592965	0.128298088
B175	0.943248309	0.23689548	0.913274932	0.0634173	0.017649129	0.511017793	0.125304568	0.091156515	0.061132726	0.849394403
B176	0.025061903	0.495012679	0.030250588	0.372769006	0.650210191	0.113981917	0.367118424	0.430482341	0.328197365	0.936947121
B177	0.403828726	0.278612009	0.017192729	0.221731044	0.33160519	0.348328141	0.250310146	0.294401489	0.222246787	0.47758753
***Trait State Annotation:										
Sociality: Soical, 1/ Solitary, 0										
Diurnality: Diurnal, 1/ Nocturnal, 0/ others, missing										
Reproductive seasonality: Year-around breeder, 1/ seasonal breeder, 0										
Arboreality: Arboreal, flying, 1/ others, 0										
Mating system: Monogamous, 1/ polygynous, 0										
Male-biased Sexual Dimorphism: Male larger, 1/ sexes alike and female larger, 0										
Carnivory: Carnivore, 1/ non-carnivore 0										
Herbivory: Herbivore, 1/ non-herbivore 0										
Omnivory: Omnivore, 1/ non-omnivore 0										
Insectivory: Insectivore, 1/ non-insectivore, 0										